Tour_ID,High Cost,Higher Cost,Highest Cost,Low Cost,Lower Cost,Normal Cost
tour_idynufedne,0.17883621157484347,0.14337203056392675,0.0027836012860380484,0.0809648373017658,0.04174294387826598,0.55230037539516
tour_id9r3y5moe,0.318976165043182,0.35352100168107997,0.0420887419194983,0.010281567196730686,0.011223470154307762,0.26390905400520137
tour_idf6itml6g,0.5684335352532289,0.2828195794781105,0.0028592309945889936,0.01578669896824697,0.009665555276986516,0.12043540002883817
tour_id99u4znru,0.04170602195217209,0.012400503456784773,0.0004160633308573154,0.14635637853413627,0.5691852180947768,0.22993581463127263
tour_idj4i9urbx,0.03820009476686087,0.008151738500392367,7.409713172593918e-05,0.21495610045184335,0.3613079568982481,0.37731001225092936
tour_ids94pi2qs,0.00724654735573134,0.004744703092609717,3.583953518868688e-05,0.14369305047497063,0.6956619774859222,0.14861788205557738
tour_id9xx2dq4e,0.5344692369826982,0.33261985330743316,0.009963713146777135,0.01602397492659964,0.006326899686763445,0.10059632194972845
tour_id9q7cbwf5,0.03420429933212618,0.007240243212602409,5.508758394252889e-05,0.1993390313504688,0.3627872104399066,0.39637412808095357
tour_id28uzu8li,0.24070698591670264,0.5988748466795332,0.032747292060581516,0.0038955472004752814,0.02434713971791611,0.0994281884247913
tour_idf7lvpips,0.09340477887528177,0.055315684071955314,0.0003882486094736056,0.11277876660592481,0.10782182169577749,0.630290700141587
tour_id69abaq9f,0.09510678640693351,0.03769225945506381,0.00038225338333692133,0.19733909658692356,0.19583425408641278,0.47364535008132935
tour_id20ne7vgg,0.00622879903123105,0.0027296845395117448,1.9586319182284415e-05,0.3576137511129843,0.43075522426924634,0.20265295472784423
tour_ida99j69n7,0.2005632579527043,0.6820420110866435,0.05183103403771042,0.0023521682779871524,0.006340269916616896,0.05687125872833773
tour_idzwulen6z,0.0015346802816382378,0.0011854158512701663,9.783687599481372e-06,0.031201249462523426,0.9164150702523762,0.04965380046459251
tour_id82x4wwmo,0.3342298073817601,0.51731509681147,0.015012428739966563,0.009414434095251268,0.00577954679889063,0.11824868617266135
tour_idlhvaq2mf,0.22222450278218348,0.09548587218696251,0.0008298112564662489,0.03262388373566409,0.06591705373557828,0.5829188763031454
tour_id8t7kqb9n,0.5344692369826982,0.33261985330743316,0.009963713146777135,0.01602397492659964,0.006326899686763445,0.10059632194972845
tour_idrn7vpcu5,0.007373421497934023,0.0035747397237779,4.1539476967403985e-05,0.36705694313298415,0.26343117732694943,0.35852217884138704
tour_idqk4wakw3,0.2155335211118143,0.6779746553776708,0.011306698694355717,0.0034575030226676176,0.011831307878745496,0.07989631391474616
tour_id6fa1ag4g,0.12318985505886677,0.11589554527507531,0.0004884948577452707,0.12484067095242418,0.0563320859664105,0.5792533478894779
tour_id8yxycz3h,0.1916324554379705,0.08773902001628292,0.0006480938825795449,0.13408428505402178,0.10895977598402402,0.47693636962512126
tour_idq3khwer6,0.0505699589916608,0.012276295330311214,8.569015918420094e-05,0.22087020606081825,0.1268394853167078,0.5893583641413178
tour_idhgharflp,0.0685951630402406,0.03085884010054378,0.002887226811644162,0.46823855794462693,0.10572842277872727,0.3236917893242171
tour_idqjzzhcvz,0.29500272400028177,0.31634758377070876,0.04032142004031009,0.06469008807099719,0.027955959242705688,0.2556822248749966
tour_id0l0xaktp,0.19619581743573844,0.06831606989167595,0.001849020283380605,0.08735068872571398,0.029624719422559145,0.6166636842409319
tour_idbg22qq89,0.055557146079957646,0.028731690731934087,0.01178740634693917,0.0903995357620025,0.32261549593414274,0.490908725145024
tour_idwkhfwtqp,0.5684335352532289,0.2828195794781105,0.0028592309945889936,0.01578669896824697,0.009665555276986516,0.12043540002883817
tour_id34dyvoyk,0.2730429922563182,0.07381126550548552,0.0004707476423100963,0.03596421317739921,0.01774231886209387,0.5989684625563931
tour_id5cfn85zh,0.208071681440651,0.23149801117358568,0.004543259684183462,0.08528083637934272,0.07655873187087613,0.3940474794513611
tour_id84rchmqs,0.03481232986057653,0.020701346755212343,0.00017496873233276356,0.22573121537288596,0.0991534247908071,0.6194267144881853
tour_idjh4cjj2x,0.23242747012283707,0.03841178132053629,0.0004705863754989523,0.14949676641960183,0.10344810493711995,0.4757452908244059
tour_idzy1dc1xm,0.219280568421361,0.6032148543841495,0.004445931838995456,0.02439446112888624,0.014211550312529958,0.13445263391407794
tour_id80j7qu6z,0.15892973779941635,0.17204112761691184,0.0009940884025736235,0.07987699371304112,0.04605456909809305,0.542103483369964
tour_iddtkykn6k,0.09734927700101026,0.014264944380444237,7.26656888180709e-05,0.2607518399219171,0.41822998382496923,0.20933128918284102
tour_idg04qytor,0.23397632740297164,0.5231877412907303,0.01429272068519164,0.010628202141748224,0.036881470249410166,0.18103353822994805
tour_idv9sccb8o,0.34299501379661523,0.5152053853932944,0.030437534112143973,0.005476826379753851,0.0031107473389498726,0.10277449297924261
tour_idfstvxwpt,0.2155335211118143,0.6779746553776708,0.011306698694355717,0.0034575030226676176,0.011831307878745496,0.07989631391474616
tour_idw8zh4idj,0.37209878920338874,0.2204795183045705,0.02891030718267292,0.013262306938476402,0.015164781873504465,0.3500842964973869
tour_idri1bxxwf,0.11147991681500678,0.044936816110077514,0.00029819310033767673,0.23887034807475943,0.2539314169666769,0.3504833089331418
tour_id9jns3l59,0.16452964791999564,0.6859604368023272,0.08176598497494698,0.003733475283976398,0.010310946838438763,0.05369950818031491
tour_idykz7qmpj,0.12087334652887018,0.03503846863701967,0.0003302307160106173,0.07928290415694256,0.0855595520155197,0.6789154979456373
tour_idff7h0lmy,0.5577212334339345,0.2260304698897443,0.016077969864915807,0.018417504946494436,0.04741255252738592,0.1343402693375249
tour_idjhminmzn,0.5344692369826982,0.33261985330743316,0.009963713146777135,0.01602397492659964,0.006326899686763445,0.10059632194972845
tour_idiihytata,0.17013362669488694,0.6332447208969977,0.0821889197072338,0.0059631360193527815,0.0035734932715550008,0.10489610340997382
tour_idp48ka6jb,0.15422865434944483,0.35155195107991544,0.0018979562499065264,0.03816214165580804,0.05808850865213861,0.3960707880127865
tour_idthc6m7sk,0.35597634390785876,0.44798208866428435,0.019091639028645215,0.005869476999968361,0.003387148326115081,0.16769330307312819
tour_idikm37slu,0.4208769254434435,0.3111047921246031,0.04789187182077182,0.008811741850832003,0.010246715545185157,0.20106795321516432
tour_idvay0ce8g,0.009445876787588358,0.005375452714458349,8.461853256176796e-05,0.2663077636703803,0.5749208592692702,0.14386542902574107
tour_idljettp5j,0.0242021696817431,0.002653113397308806,2.6550764152818847e-05,0.20469427080549796,0.36776813723722707,0.40065575811407017
tour_id6b75m18g,0.006996003716405615,0.004414759470705505,5.3859621710985415e-05,0.30515755214449597,0.3437468404658117,0.3396309845808702
tour_idh1qz4kip,0.30559394045565447,0.42630499616750694,0.024932188275456835,0.029382864319272124,0.013505052405510268,0.2002809583765994
tour_idct1mds8n,0.5344692369826982,0.33261985330743316,0.009963713146777135,0.01602397492659964,0.006326899686763445,0.10059632194972845
tour_idmdkapl5e,0.488637492965595,0.3688147435644198,0.006262828877488891,0.0069657378072400505,0.003075423497315422,0.12624377328794092
tour_idtxl27kyw,0.12329032319794372,0.04471441521452948,0.0019593253567486237,0.2866658209936451,0.05283133785312093,0.4905387773840122
tour_id3f5s1s8k,0.13263386924692608,0.7733740373223421,0.02152670106521886,0.003794006935165335,0.0013691790856545409,0.06730220634469314
tour_idmy8ugm33,0.31775765417733554,0.5613929511674015,0.03178286759240167,0.004136963577129577,0.007485310790524658,0.07744425269520716
tour_id15xhujqe,0.31816722178233553,0.4983790068914612,0.005013528496796885,0.021234263263820802,0.01648911932799584,0.14071686023758986
tour_idnvjzjzis,0.04544205586803623,0.054554974308427075,0.00011816438920411169,0.2813947279569485,0.17431834093495577,0.4441717365424282
tour_idicgj22ml,0.19479965517600942,0.7196444209926989,0.04272423506539547,0.003329780654563657,0.008593568120147988,0.03090833999118444
tour_ideq6kef16,0.24233547403355166,0.2517203872473462,0.018280441470215892,0.010465599657239007,0.07540266481979045,0.401795432771857
tour_idm3ru5o69,0.24908798613360003,0.5837246837258647,0.01575695005714276,0.014482712968924892,0.009514167044384096,0.12743350007008336
tour_idtjnibi1v,0.005419517637533589,0.0016892373933060417,2.3396577919361835e-05,0.36816186040181154,0.4765585071164002,0.14814748087302926
tour_id9mqg4jpi,0.7119643251695618,0.1661336082922054,0.004466844577133053,0.0059160320256439166,0.006336707343626801,0.105182482591829
tour_id6qtlrlj0,0.1562670625746741,0.19082555321657999,0.0016829500159316285,0.08030762731134826,0.0838345586989968,0.4870822481824692
tour_id7quxawwm,0.4784072164011023,0.3875314518273613,0.007640690487131577,0.005404138565993668,0.0020072570163736274,0.11900924570203734
tour_id37beg9uz,0.19479965517600942,0.7196444209926989,0.04272423506539547,0.003329780654563657,0.008593568120147988,0.03090833999118444
tour_idmul4fjnn,0.19622048211877022,0.09798576045537088,0.0003960323007064415,0.15200243552342077,0.09952869136359549,0.4538665982381362
tour_idotkse0oz,0.15214660147643233,0.7589650439515372,0.042793152426665794,0.0054540733193952995,0.004702479590389773,0.03593864923557963
tour_idctl4gkkk,0.3365147411362757,0.5055059927477571,0.015698296555625067,0.008939424189284166,0.0062418459238842315,0.1270996994471736
tour_idkzhlxsk5,0.25062995242897146,0.5089502952382667,0.004811005867882031,0.007358032350967187,0.011394190577464791,0.21685652353644777
tour_idt8nbpyzu,0.19622048211877022,0.09798576045537088,0.0003960323007064415,0.15200243552342077,0.09952869136359549,0.4538665982381362
tour_idlvf31ik8,0.5344692369826982,0.33261985330743316,0.009963713146777135,0.01602397492659964,0.006326899686763445,0.10059632194972845
tour_idbgqv7ifs,0.06395719994871835,0.012969905676764227,0.0001996425539681043,0.32386615378323397,0.08639358292835977,0.5126135151089556
tour_id0prergei,0.012086695516595915,0.0016523932780151019,1.8728847756519858e-05,0.21038780044389832,0.41063851273662927,0.3652158691771049
tour_idj7tc65fn,0.2514895549484278,0.1292296897182426,0.0017052155679373596,0.05610395399639192,0.031898403017462836,0.5295731827515374
tour_idm1x1vxbw,0.017955166564386935,0.013407445252166403,0.00022509023470431428,0.16719801912973425,0.5697899494826456,0.23142432933636242
tour_id21v0cxt1,0.24082489797274859,0.5798375284294361,0.03421018095591754,0.010313946930565726,0.01263615478268523,0.12217729092864688
tour_id1mcdpog2,0.12831137716873237,0.05754804220067053,0.0014678578752340622,0.13299639325684343,0.048362836168128046,0.6313134933303914
tour_idhqzs2gq8,0.10029331369057426,0.03969179677356195,0.00029824048203696163,0.10689466807313971,0.12668648928927065,0.6261354916914166
tour_idbjvcvpse,0.014372182545252238,0.007363201976934023,6.700385084718358e-05,0.22813730386619682,0.494119376866642,0.2559409308941276
tour_idqmtjec5c,0.02793538613395573,0.037531603620344765,0.0034754572129854404,0.08519007969163986,0.18390698940481717,0.6619604839362572
tour_idjylqwsbx,0.37202046872531497,0.5235060120689092,0.014690049539978036,0.0049986984308656906,0.012767043514780543,0.07201772772015136
tour_id59lpui19,0.07809303372396613,0.043983418000249803,0.00028772825811500057,0.09159434122438845,0.1253962921093912,0.6606451866838894
tour_idfcuq5wgy,0.04097869371411957,0.07219903558979787,0.003941164785591713,0.06410776825491644,0.1416895875658873,0.6770837500896871
tour_id7pyzqpkw,0.15106616687278204,0.7293008999170193,0.027214053901290485,0.0034640716435272233,0.018270045426914617,0.07068476223846626
tour_ideb9lf8br,0.3824472372966548,0.505479289626569,0.013483632235479166,0.006429523206296144,0.003149539886204206,0.08901077774879672
tour_idzogf5dwk,0.1544848383589351,0.12374489147708097,0.0022829950729468034,0.06905141091740859,0.047770325994394534,0.6026655381792342
tour_id41mnpgqc,0.36932333349595703,0.5199392110253532,0.009658993000338581,0.006020001134968474,0.0046388391213972495,0.09041962222198542
tour_idmwyzw189,0.04048957617013047,0.048270186430460556,0.00028478964237535275,0.19662804928999156,0.062017542391632464,0.6523098560754096
tour_idtjumeoc1,0.3266601170145434,0.3034567928291195,0.03359314482838498,0.011545598931515097,0.03665003476214708,0.28809431163429
tour_idtncu3vvj,0.11725103843124181,0.044820527693145616,0.00022920787241270942,0.2281801456242395,0.15121119111046832,0.4583078892684919
tour_idzcavo88u,0.03935571800270127,0.011439624563484768,0.0003366503211922107,0.13635128603800742,0.6227659445834745,0.18975077649113983
tour_idkot0odg6,0.08033819327802827,0.028389364134785475,0.0005322469501773736,0.1804661129687894,0.06359010423310812,0.6466839784351114
tour_id8z19zqq4,0.1929478924843336,0.6794812659444265,0.06828481221742304,0.004639629763464582,0.0058406451121967955,0.04880575447815563
tour_idm10lb8m7,0.18397041403814227,0.03585262343307354,0.00373056319304171,0.09278370481342463,0.31852100072727163,0.3651416937950463
tour_idr3vd82x6,0.5344692369826982,0.33261985330743316,0.009963713146777135,0.01602397492659964,0.006326899686763445,0.10059632194972845
tour_iduzdp7vc3,0.2872745850969335,0.4172039387813469,0.006039007176531764,0.0159494083974956,0.017671454360652716,0.2558616061870394
tour_id095wm8uu,0.29227684338887583,0.1958462062371239,0.0008103267126628008,0.044696583761985605,0.02203349849416229,0.4443365414051895
tour_idfr76spf4,0.5547803759251762,0.23613040158179932,0.004068370147532134,0.00328677438583616,0.003663430028381803,0.19807064793127438
tour_idjs9dcswi,0.43279292091479227,0.31486924850293935,0.01953903069198786,0.010061881721704918,0.01195787576666384,0.21077904240191164
tour_idz34rclqa,0.18016981705726415,0.08415532534286888,0.004465144384139512,0.09032969554070916,0.024577271541967365,0.6163027461330509
tour_id68ja64qt,0.30286493325354735,0.22533397817928336,0.002037795325076203,0.024586582409416535,0.016058896666293555,0.42911781416638306
tour_idxac2uuqv,0.006134969620332376,0.0013681619934738413,0.0001100708777155081,0.08525938755233678,0.8072453057467361,0.09988210420940546
tour_idf8oqfnlm,0.14280768224290447,0.059425160328988966,0.000723234825540134,0.18439336012159535,0.14273283578955026,0.46991772669142073
tour_idvunzjwfc,0.10144505151075188,0.7921591918792178,0.062235498066635406,0.002189780941101378,0.0055006444787443955,0.036469833123549227
tour_idw21ciy88,0.11294192348106581,0.8307192967897811,0.020050225865686045,0.00390450057668886,0.004714319136064612,0.0276697341507136
tour_idh9xqxr96,0.03096139156894944,0.023977205122725772,0.00015880801642405531,0.24131803593580933,0.09133487458566353,0.6122496847704278
tour_idxverh9fy,0.013161843683345779,0.001054910083228185,3.521980040722322e-05,0.09567128600466814,0.8020872051427397,0.08798953528561095
tour_idokj8jc82,0.3137878649973268,0.1764611001939857,0.0011023621370689668,0.033738234088584756,0.010929889908269473,0.46398054867476424
tour_id7nzgco3n,0.206658151359475,0.6330402131476722,0.03387428066029058,0.012534117082636964,0.015005605347546034,0.09888763240237913
tour_idssevzcvv,0.35064949063711726,0.12014666157061939,0.003059291762023053,0.041393352545630986,0.06094780079083622,0.42380340269377315
tour_idpl6n18rb,0.005440820212401784,0.0008245456104294256,2.751739684945276e-05,0.08193887850426004,0.8147271728554055,0.09704106542065374
tour_id00ickkxa,0.018393105316580796,0.013706710978709416,0.0002386915392091914,0.22611166001992092,0.20903492949822214,0.5325149026473576
tour_idtc8elj66,0.24082489797274859,0.5798375284294361,0.03421018095591754,0.010313946930565726,0.01263615478268523,0.12217729092864688
tour_id9jslxdlc,0.19479965517600942,0.7196444209926989,0.04272423506539547,0.003329780654563657,0.008593568120147988,0.03090833999118444
tour_id7l1tqq3l,0.2629313161580406,0.6373222798331095,0.027250362191080207,0.0036678910091133537,0.00819036900252031,0.060637781806135944
tour_idarhine53,0.19479965517600942,0.7196444209926989,0.04272423506539547,0.003329780654563657,0.008593568120147988,0.03090833999118444
tour_id1ssjmgtf,0.04280516011553683,0.01611321960527461,0.0014014726831134618,0.32730262305729674,0.4217557203553551,0.19062180418342325
tour_idcjzpvsbd,0.6185441360498543,0.022637312350797675,0.00318270528249186,0.00906832552337297,0.024017031284406822,0.3225504895090763
tour_idp53f6fg8,0.01909515136731563,0.01139305489408607,0.0007669422496199324,0.19451269070411767,0.62571718689123,0.14851497389363075
tour_idrgw9c70j,0.37208930611559066,0.4403394718816822,0.010399050724386658,0.0030961720802562443,0.002908267763632627,0.17116773143445152
tour_idlx2jlzs3,0.23675361616285787,0.13950113562049132,0.0005399176376384924,0.06966583875534169,0.04482371070803356,0.5087157811156371
tour_idjateimuw,0.46071576928850483,0.2787917425509368,0.00821222905696606,0.009286895664250486,0.022495177170244948,0.22049818626909695
tour_idof6v2a2t,0.09811162145827881,0.043665618427152636,0.00018962029624008128,0.18642159474097558,0.2565865385168258,0.41502500656052704
tour_idbphqzwq0,0.37208930611559066,0.4403394718816822,0.010399050724386658,0.0030961720802562443,0.002908267763632627,0.17116773143445152
tour_idnju0d13b,0.40432938038578853,0.4624210396486625,0.02268004947615193,0.008675572035295597,0.01374637457355665,0.08814758388054467
tour_idbtqabgv8,0.32574511431255354,0.040751792065921735,0.0003651420759542531,0.04006096206174263,0.09310675210828159,0.49997023737554624
tour_idkzy90idc,0.29677344888312185,0.45552519151358606,0.020712199575714286,0.013439458437922432,0.04512962492278227,0.1684200766668731
tour_idybhcrip4,0.31604832064028243,0.5515118899929586,0.024876322650888943,0.005689856742069561,0.005950169325936223,0.09592344064786415
tour_idgo26zwiw,0.16385843613910928,0.658606452383779,0.06608386335082524,0.007035083056211649,0.01926799239953532,0.08514817267053931
tour_id6yuxzmbk,0.19681685625320836,0.5036506706862485,0.00866935365443855,0.022940810088233208,0.0204184046843672,0.24750390463350425
tour_idxl466y8a,0.26913639493958,0.1272264140295824,0.001770232810590546,0.07154883725668339,0.04987776078468691,0.4804403601788768
tour_idx73vs98v,0.16306447716962288,0.6658664337738497,0.06921627399997576,0.013635087238530512,0.007298614252452422,0.08091911356556879
tour_id3r9btjk4,0.03124893090997344,0.1004361772944332,0.0008700740506065597,0.19273237325613932,0.24669479062761948,0.42801765386122803
tour_idhgq4urqb,0.2560462441767829,0.6118002716242098,0.03393201111960092,0.004018935900792121,0.005992748514500124,0.08820978866411441
tour_idurejxr5g,0.5094888750858402,0.20253303020902666,0.0033280221905174464,0.0071965708876791205,0.008939700452475467,0.2685138011744613
tour_id8hmm45yg,0.3892876091705934,0.4056593856737505,0.03817616522444124,0.005177088095987073,0.004153445844147046,0.1575463059910808
tour_id18jsnowr,0.19187780252684053,0.11475680366287062,0.004469935050211773,0.06443535421910045,0.07085419750612733,0.5536059070348492
tour_idgs3jbjvb,0.22019493546935698,0.04632083679852194,0.005150248200104876,0.04460732116863082,0.08073288023197238,0.602993778131413
tour_idikwsynra,0.16822766574582315,0.07185920800361799,0.003008080363234317,0.05206862229599318,0.08438100199526141,0.6204554215960699
tour_idxexxrypa,0.08367872341774389,0.03008177280980116,0.00105442007196856,0.05516258552768903,0.08029818649449935,0.7497243116782979
tour_id4vle4re3,0.318976165043182,0.35352100168107997,0.0420887419194983,0.010281567196730686,0.011223470154307762,0.26390905400520137
tour_id4ktjhmd1,0.30195110515273965,0.4663779362915886,0.016143162254989397,0.008354374118845603,0.022136520835825915,0.18503690134601092
tour_id51l3gvnj,0.3415163682367049,0.38682920804100207,0.016947145222400133,0.017519496976350322,0.013750391372336745,0.22343739015120573
tour_id8pp1z0qj,0.2355169187021328,0.05025224981115771,0.0002886846769584065,0.04445084999549337,0.05228429480239247,0.6172070020118653
tour_id60ehhnp2,0.35597634390785876,0.44798208866428435,0.019091639028645215,0.005869476999968361,0.003387148326115081,0.16769330307312819
tour_idpxt0agk9,0.43197895068777314,0.39986917258613686,0.018955342396350418,0.01393296695071858,0.016388206208141746,0.11887536117087925
tour_id8zqbxmj5,0.23397632740297164,0.5231877412907303,0.01429272068519164,0.010628202141748224,0.036881470249410166,0.18103353822994805
tour_idp5ukjn9m,0.0010283881689125936,0.00090391004091619,5.693422518595694e-06,0.021254391076095253,0.9583373476869379,0.018470269604619685
tour_idu7oecbie,0.007907423603196179,0.0011602828002046522,7.377631312839246e-06,0.04672960098010655,0.7973420413958034,0.14685327358937633
tour_id1dr9cikr,0.18612831039410418,0.6987006374022786,0.048460303150451405,0.0015744376500361626,0.008129633498702354,0.05700667790442737
tour_id0r3qxbif,0.17755364057662035,0.08308831035795476,0.0027517901860186237,0.15461846630028717,0.09061506628242473,0.4913727262966945
tour_idnox2sywq,0.19022077864821868,0.5705231021474244,0.00860593852638751,0.026020107394328255,0.0308884199525314,0.17374165333110972
tour_idy1jgkshd,0.0019037359059838755,0.0013910130109190198,1.637719139023805e-05,0.04437528824527734,0.9023609114260016,0.049952674220427935
tour_idgww40skh,0.5344692369826982,0.33261985330743316,0.009963713146777135,0.01602397492659964,0.006326899686763445,0.10059632194972845
tour_ida8jpbqln,0.17822367085229907,0.7445449969365179,0.01522815717489085,0.003535549308636342,0.005392441586565736,0.05307518414109038
tour_idhyrqzusv,0.15135943427456555,0.08750898938044083,0.0006395637060592907,0.12451108675340684,0.0803985001955894,0.555582425689938
tour_idhad98cqz,0.1981342713759675,0.5835597359655202,0.01851299628058071,0.023098758901972608,0.01884994962186176,0.15784428785409713
tour_idmwm72g00,0.5119836627806229,0.18537452415194805,0.003948484320262315,0.0090705039642476,0.016199772675175715,0.2734230521077434
tour_idvwseyhh5,0.1929478924843336,0.6794812659444265,0.06828481221742304,0.004639629763464582,0.0058406451121967955,0.04880575447815563
tour_idgcf1yvij,0.008077857036123789,0.004167649628431529,0.00011270011410666566,0.17645544716793676,0.4157425163262328,0.39544382972716846
tour_id3rxtrcif,0.2692215317617472,0.5930276286842182,0.006642242177091116,0.005737011216102304,0.009621497154482694,0.1157500890063586
tour_idy8ljrftg,0.5051737208475678,0.22747464003250395,0.00532238838484294,0.02141063516283091,0.022437863669200215,0.21818075190305414
tour_idnp3tf107,0.19831658097247562,0.0855783157425803,0.0016922611064957168,0.030596890510213165,0.04631829398839797,0.6374976576798371
tour_id6flbqbca,0.2403934258641305,0.08882773717079917,0.0026685681798068253,0.09165116606898134,0.021154539455938773,0.5553045632603435
tour_idlwhkzuj1,0.2650101741477191,0.4242440636735658,0.019820477007687687,0.014433423973688419,0.02279709462143934,0.2536947665758995
tour_idyj7ih64p,0.11882516585190878,0.06500426179523904,0.0012639668207235734,0.029243431808751955,0.046420111325062303,0.7392430623983144
tour_idpsajjmyx,0.366550870640475,0.472607121933211,0.013346146074588968,0.009125423399891155,0.005452095452550738,0.13291834249928294
tour_iddjm6wl6i,0.11595166163058018,0.08574307749459584,0.0013574555674187852,0.2539327764236269,0.07158406390079927,0.47143096498297904
tour_idtagybv4g,0.2560462441767829,0.6118002716242098,0.03393201111960092,0.004018935900792121,0.005992748514500124,0.08820978866411441
tour_idqafmheqa,0.1346740798944988,0.7146553455943222,0.03439857388311438,0.00822117583259536,0.02417465737922275,0.08387616741624647
tour_idyi6los82,0.1747881946599714,0.05533159926298539,0.0001830710248161871,0.12406521128877628,0.06970123059526351,0.5759306931681872
tour_idih1eowcb,0.3700980497154028,0.34205532690412216,0.035773450076230076,0.04899197797993042,0.028741955324749536,0.17433923999956494
tour_id95d3hnoi,0.23109612932528734,0.4259689930576638,0.002931987502867706,0.033051493386723946,0.045496649032538465,0.2614547476949188
tour_idvldrbm0s,0.10159131605299063,0.056725673425319985,0.00030259161349436523,0.09709537397985381,0.07042836805890205,0.6738566768694392
tour_idiu5a5tzw,0.09024666835279975,0.8290798390904347,0.013284619645125628,0.0030560936368938434,0.007579030363501765,0.05675374891124444
tour_idv36rzh7c,0.03897249777688182,0.05301381878229498,0.0003697938900201112,0.2601918112682775,0.3083126616610035,0.339139416621522
tour_id85njxjsn,0.2872745850969335,0.4172039387813469,0.006039007176531764,0.0159494083974956,0.017671454360652716,0.2558616061870394
tour_ids4xd11vg,0.10144505151075188,0.7921591918792178,0.062235498066635406,0.002189780941101378,0.0055006444787443955,0.036469833123549227
tour_ids6e9lk9c,0.21638632878468297,0.12336868792423782,0.0018473396547415838,0.05094112977091342,0.041781165248091306,0.5656753486173329
tour_idhprlrkv6,0.2575687791387153,0.15728031095672554,0.0023562824185385345,0.06925593506758962,0.048164213891557534,0.46537447852687336
tour_id99pyaz9x,0.19479965517600942,0.7196444209926989,0.04272423506539547,0.003329780654563657,0.008593568120147988,0.03090833999118444
tour_idg7e3ui4n,0.20102836063689233,0.11211177047742696,0.001445314468879713,0.05665852149869408,0.04684269064592988,0.5819133422721771
tour_idrh37r0j7,0.0883962732653816,0.009666574070679591,0.0017140389214833807,0.29610679301422793,0.3731968067408305,0.23091951398739713
tour_iduxrqhcea,0.2155335211118143,0.6779746553776708,0.011306698694355717,0.0034575030226676176,0.011831307878745496,0.07989631391474616
tour_id99d7kiwy,0.36487314048027214,0.35841527186941197,0.011913219026053634,0.010808802137288338,0.010934788406244548,0.2430547780807293
tour_idw8wm2o5v,0.07057552147659985,0.07012354993194267,0.0006213591510514827,0.21456962919894654,0.443399347611175,0.20071059263028448
tour_idqyq9zw0y,0.16452964791999564,0.6859604368023272,0.08176598497494698,0.003733475283976398,0.010310946838438763,0.05369950818031491
tour_idivwq4v1w,0.012744301361677856,0.00217190801202288,5.5105772512027006e-05,0.17793451521433104,0.6698464769319149,0.1372476927075412
tour_id4xoqo9i1,0.26222670172611345,0.6069709763267493,0.00642695055117208,0.029661104809385126,0.007247833132572182,0.08746643345400787
tour_idnevz5lyh,0.19479965517600942,0.7196444209926989,0.04272423506539547,0.003329780654563657,0.008593568120147988,0.03090833999118444
tour_idn49b65yc,0.04992841079569165,0.06201683583916842,0.00015005345677132368,0.17666132698782325,0.09991615104492735,0.611327221875618
tour_idjrta1z0l,0.2560462441767829,0.6118002716242098,0.03393201111960092,0.004018935900792121,0.005992748514500124,0.08820978866411441
tour_idequkopmm,0.1513776946016639,0.11032593648386828,0.00023389158779365738,0.1436964395706892,0.06284106240275462,0.5315249753532303
tour_idkr5a8qhh,0.1855877630297067,0.07954666596629345,0.002107511838884472,0.10204557662174067,0.05437617666345011,0.5763363058799246
tour_idck1i9jpy,0.01125247593769164,0.005969021259637052,0.00011421003300248938,0.16353326044625596,0.6617315154136041,0.15739951690980872
tour_idamsemrsk,0.46071576928850483,0.2787917425509368,0.00821222905696606,0.009286895664250486,0.022495177170244948,0.22049818626909695
tour_ide41cohib,0.11294192348106581,0.8307192967897811,0.020050225865686045,0.00390450057668886,0.004714319136064612,0.0276697341507136
tour_id2capxqan,0.0019037359059838755,0.0013910130109190198,1.637719139023805e-05,0.04437528824527734,0.9023609114260016,0.049952674220427935
tour_idmkyy3nzt,0.07239383897756631,0.02796489643338854,0.025071258144537492,0.1748637713576877,0.19311497814616416,0.5065912569406558
tour_idnhl7qohv,0.14756408736476914,0.06753831229607318,0.0010042724073106397,0.09702175521889701,0.02927521008573522,0.6575963626272149
tour_idh18uxy9f,0.006919392226932131,0.003570160484079848,2.4224778662360383e-05,0.20466906797648343,0.5119192619391117,0.2728978925947305
tour_idi0vhg24d,0.0548465641816492,0.03393096103412656,0.0004700309579686639,0.13981365253908348,0.145426791274047,0.6255120000131251
tour_ids4vqip7q,0.5922781094177799,0.22275648469695603,0.0048068356102972,0.0071833813682339,0.01623356396121185,0.15674162494552105
tour_idgejmazuc,0.5684335352532289,0.2828195794781105,0.0028592309945889936,0.01578669896824697,0.009665555276986516,0.12043540002883817
tour_idf80dee6z,0.20989431962370367,0.0935029088686368,0.0009957411701907403,0.04124217100764224,0.017652888068260823,0.6367119712615656
tour_id52jj29ct,0.4772770858976508,0.066480739265125,0.05831630033073658,0.02848182748201529,0.03620024863265474,0.3332437983918176
tour_idmku52s29,0.027616012593599717,0.05341128867186206,0.00011591829758154611,0.24109313506441893,0.19775760479745316,0.4800060405750846
tour_idfj2056k5,0.2243460287405551,0.15709468721113257,0.0008262794438409613,0.0633498302677192,0.029166819370836605,0.5252163549659157
tour_idk3s3sgcv,0.20620917008616022,0.6716007425447674,0.0034311855952763666,0.005776810371707825,0.007805211930888113,0.10517687947119997
tour_idz33d41ks,0.04137711827340547,0.030877434578927256,0.00012533283210086626,0.1894502330365042,0.1970488430336802,0.541121038245382
tour_idl0ttjrmc,0.13868232799638813,0.10709858273863151,0.0009114936389827136,0.059321792435360614,0.3201011670220381,0.37388463616859896
tour_idu5k69z9i,0.22765345777662677,0.2155680485463508,0.029638555584054205,0.0241733925521294,0.1322685802332315,0.3706979653076073
tour_idf66smscv,0.05119710902240152,0.018524404609519624,0.0009282495232207669,0.2105408100539799,0.30036442964043897,0.4184449971504392
tour_idur0p7exw,0.5684335352532289,0.2828195794781105,0.0028592309945889936,0.01578669896824697,0.009665555276986516,0.12043540002883817
tour_idjsiq8h6o,0.1717975284331188,0.060514511115723015,0.0056716413549060445,0.07070437804573959,0.07187911681836424,0.6194328242321483
tour_idh2992qz6,0.19479965517600942,0.7196444209926989,0.04272423506539547,0.003329780654563657,0.008593568120147988,0.03090833999118444
tour_idzmu73uvr,0.054371174941508296,0.08120371038332981,0.0013729996035379923,0.1714143754969872,0.10852111943095696,0.5831166201436797
tour_idbsd6a9fg,0.12613382238310275,0.1431504274880052,0.0012623731477746719,0.11304579704663037,0.08253702320571132,0.5338705567287757
tour_id4cj9lep8,0.13768421491873553,0.7207314602650644,0.04612064647662686,0.00934728209785648,0.005719003755399256,0.08039739248631729
tour_idd18a2stl,0.24831639285497004,0.5982122078206376,0.06303128194921406,0.005787777103007149,0.026518249910023585,0.05813409036214788
tour_idjrqlybhn,0.24233547403355166,0.2517203872473462,0.018280441470215892,0.010465599657239007,0.07540266481979045,0.401795432771857
tour_idxmfwoy4j,0.3702037237119618,0.5214563558666206,0.028838256086393173,0.003600547017031974,0.003014059400517672,0.07288705791747478
tour_idafio0e6r,0.13263386924692608,0.7733740373223421,0.02152670106521886,0.003794006935165335,0.0013691790856545409,0.06730220634469314
tour_idwd2vbr79,0.08235853820142558,0.04369029452136336,0.0004622231293816447,0.06184119606175032,0.06150754618721892,0.7501402018988602
tour_idtxmv1vn8,0.06055723488813099,0.033360216375693114,0.00021569391267857002,0.1788277061475272,0.21610420974580025,0.5109349389301698
tour_id55m6ye74,0.23818827143551805,0.31147882920682307,0.005765168684877331,0.03969395435475272,0.047020826602583346,0.35785294971544557
tour_idrjo6d6m0,0.19479965517600942,0.7196444209926989,0.04272423506539547,0.003329780654563657,0.008593568120147988,0.03090833999118444
tour_id7vxwd2qi,0.31307328094827896,0.06431707086913216,0.006178237738324022,0.028406934152829046,0.03440155415121398,0.5536229221402218
tour_id2lx80ftk,0.08926216749969582,0.051226820599756744,0.000407363073169142,0.2147755895687012,0.16836047996087186,0.47596757929780537
tour_idys87o0ds,0.5684335352532289,0.2828195794781105,0.0028592309945889936,0.01578669896824697,0.009665555276986516,0.12043540002883817
tour_id1fy4lusi,0.5684335352532289,0.2828195794781105,0.0028592309945889936,0.01578669896824697,0.009665555276986516,0.12043540002883817
tour_iduw6503kx,0.13156788441324427,0.08001415762508124,0.0006994998523091717,0.10005256949649328,0.07831720457568749,0.6093486840371845
tour_idu1kt91ev,0.07362086046447869,0.02008107103241511,0.00033942304514367183,0.10364763902456123,0.1836653908283753,0.6186456156050261
tour_id53o0z6dv,0.4772770858976508,0.066480739265125,0.05831630033073658,0.02848182748201529,0.03620024863265474,0.3332437983918176
tour_idz6rfgk6y,0.1771202776897357,0.16724009163851122,0.0015494314865130139,0.09259855467591135,0.0941164285623701,0.4673752159469586
tour_iddt68t83y,0.014372182545252238,0.007363201976934023,6.700385084718358e-05,0.22813730386619682,0.494119376866642,0.2559409308941276
tour_idb6b9fe7o,0.18327552848454923,0.10114879329531333,0.0011177030862868148,0.04536726518859828,0.028991554489078895,0.6400991554561734
tour_idgiofw9gq,0.1929478924843336,0.6794812659444265,0.06828481221742304,0.004639629763464582,0.0058406451121967955,0.04880575447815563
tour_idlaknkcn4,0.33147456972193445,0.44466824808638034,0.00679779815973887,0.02290860865885786,0.028152871825424034,0.16599790354766447
tour_id3tjp864r,0.19285000934520488,0.15447185750938122,0.001020139383750947,0.0587724831879173,0.08989126723337626,0.5029942433403695
tour_idy76hhahh,0.3089014211478824,0.5114961435781241,0.00799825155872655,0.012572639667215803,0.006526953513365098,0.152504590534686
tour_idufgz5k4v,0.35021586920019293,0.39025197891142316,0.02290818676222254,0.027190945459717515,0.011145081691331032,0.1982879379751127
tour_idt79f2xgp,0.17761370247321828,0.1191146776534106,0.00018485371445464447,0.07934904291453411,0.08609124814553712,0.5376464750988452
tour_idrpkhu48l,0.12717519840286426,0.0772137161524566,0.0006631351561505804,0.07255449766059628,0.0686923798995721,0.6537010727283602
tour_iddskibken,0.16516076565430277,0.10760302563687413,0.006700836436034374,0.11339037826201628,0.03124590378512522,0.5758990902256472
tour_id0yne0qoz,0.11389880391011549,0.03005714977919473,0.00011554715214978287,0.2004319362083829,0.21639392954737988,0.43910263340277733
tour_idswphik77,0.13263386924692608,0.7733740373223421,0.02152670106521886,0.003794006935165335,0.0013691790856545409,0.06730220634469314
tour_idqq5ggah5,0.28364639339943376,0.4518632037121738,0.021658783953346878,0.019077201042016902,0.0164566119704803,0.20729780592254826
tour_idu5zt4ri7,0.1287490300418781,0.10302406399634267,0.0037710417077471275,0.09953459183292787,0.06380634339219259,0.6011149290289116
tour_idvya147vx,0.15106616687278204,0.7293008999170193,0.027214053901290485,0.0034640716435272233,0.018270045426914617,0.07068476223846626
tour_idrpntkknt,0.45143071990225775,0.19785358986412313,0.010573353716150388,0.011441151095379834,0.012304556634641792,0.31639662878744695
tour_idraeuhzn4,0.08852076710650035,0.1050812130108347,0.0003067558615296818,0.19458661486424478,0.08483102206770916,0.5266736270891813
tour_id9j5ntupu,0.37208930611559066,0.4403394718816822,0.010399050724386658,0.0030961720802562443,0.002908267763632627,0.17116773143445152
tour_idzh5y8x5s,0.1701725145506921,0.01860825702134035,0.0005144992893745786,0.056846604892204,0.10308040916450505,0.650777715081884
tour_idml3wpa4x,0.11294192348106581,0.8307192967897811,0.020050225865686045,0.00390450057668886,0.004714319136064612,0.0276697341507136
tour_idb5wwneht,0.19479965517600942,0.7196444209926989,0.04272423506539547,0.003329780654563657,0.008593568120147988,0.03090833999118444
tour_id6j0d5sc0,0.23111032447875682,0.5200301748982544,0.01237430364307762,0.01223557982130573,0.007162738830762559,0.21708687832784276
tour_id8jaxzf3i,0.1643793860951886,0.059774485807920365,0.0014822229971578978,0.239909093889655,0.05867022162672781,0.47578458958335035
tour_idqtljd0wy,0.47438397240047064,0.2944101211262292,0.02527291582374176,0.004514926470398395,0.0047542262545720824,0.19666383792458797
tour_id4rq5gax5,0.00932917233065602,0.01284737654527303,0.0002065876261941051,0.1938133099249261,0.5461951516046919,0.23760840196825886
tour_id220owjdl,0.3636454478959999,0.45399660993812085,0.04133837845889369,0.012701486596244035,0.007991790294443718,0.1203262868162979
tour_idifc5uhep,0.013685286158979215,0.0072244365812041975,6.932436980314045e-05,0.2651609443111468,0.45268939538469555,0.2611706131941712
tour_idquwcxoqm,0.7119643251695618,0.1661336082922054,0.004466844577133053,0.0059160320256439166,0.006336707343626801,0.105182482591829
tour_id5dtj3tq9,0.3502683917478427,0.5160109414752054,0.020985222373031055,0.0024508152855377873,0.02712506331454342,0.08315956580383954
tour_id7y6t2y1a,0.09444854152112243,0.015543726579743048,0.0002623311756793238,0.27529710499543125,0.2262639004854385,0.3881843952425856
tour_id7afyqg3c,0.14325381539426926,0.04904469514168265,0.0008454691236287101,0.06302615952101519,0.2401255490568382,0.503704311762566
tour_idkrwfvqny,0.23675361616285787,0.13950113562049132,0.0005399176376384924,0.06966583875534169,0.04482371070803356,0.5087157811156371
tour_idsab6ci0z,0.2792568445301482,0.40787677981791126,0.012795975239859574,0.01063669322337365,0.011161163480360023,0.2782725437083473
tour_idtbcgl3ok,0.04624461173955129,0.014143977118162353,4.9523371950624475e-05,0.2828959762633531,0.07369573967890124,0.5829701718280813
tour_idb29m1zc9,0.0013693863819275042,0.000649507748472307,4.660312919470026e-06,0.01946127984833544,0.9564197803335607,0.02209538537478447
tour_idg37cnny5,0.2047144250785923,0.3057075417234084,0.0025613474822780403,0.02884533476230127,0.029446542923515406,0.4287248080299046
tour_idyivzhi1g,0.10062097132159423,0.03298614731812423,0.00014331612539818242,0.14283772572122727,0.23203880457898707,0.49137303493466905
tour_idys6jeerv,0.3045377111414956,0.1451729620733096,0.007197553084172826,0.015149648635009111,0.04799145346976959,0.4799506715962434
tour_idf2bhsuv9,0.019671226071611415,0.005899132124890495,3.893521093908294e-05,0.16083110300840975,0.5060828288691243,0.307476774715025
tour_idkslkxm6c,0.05754609651758511,0.039548044648139165,7.13397015320745e-05,0.22689500655985242,0.17768584192449632,0.49825367064839493
tour_idinanh2ib,0.44752005535308886,0.404886458628134,0.005458674817263276,0.003013726247419523,0.005327250246333077,0.1337938347077612
tour_idfbvkrd52,0.33979334406394174,0.2206913908446534,0.0018547103697479062,0.03777607563573954,0.08146191857444104,0.3184225605114762
tour_idorlcjtl0,0.37462798825273097,0.4983369550594068,0.03110619229903403,0.008200920666116688,0.0045210954674169725,0.08320684825529444
tour_id1rsu7v9u,0.16874002057225548,0.7016776783149135,0.03058258136795954,0.0034981255613157395,0.0098305128958552,0.08567108128770061
tour_id6syl4xea,0.09515965103314179,0.026107704505767836,8.687898409697538e-05,0.20577414853605366,0.1957663341804712,0.47710528276046843
tour_idw350rwr6,0.07864035047202049,0.07813634719723263,0.0002483844199946016,0.11476542920174629,0.10087219226855877,0.6273372964404472
tour_iddlvfw74p,0.22456918684460847,0.08797114521786112,0.0010281107074404008,0.09515751587477243,0.03893467978680192,0.5523393615685156
tour_id19ga2seg,0.02939340564158284,0.006462691100306682,5.529971323079863e-05,0.16610458041072898,0.3946159609609301,0.40336806217322063
tour_idt4nh14t3,0.03736049425689831,0.012295948899325952,0.0003993047674765823,0.1658410962144362,0.15142697844505826,0.6326761774168048
tour_idivophlfk,0.2514895549484278,0.1292296897182426,0.0017052155679373596,0.05610395399639192,0.031898403017462836,0.5295731827515374
tour_idn3oclcev,0.31668162917619147,0.5609422528589467,0.014399141669905588,0.004560723549517479,0.0121955967073454,0.09122065603809326
tour_idqsq7b1wj,0.15497286397072413,0.05166300133324284,0.00567879244385826,0.07904222514365988,0.10069737953858944,0.6079457375699254
tour_iddi4frevq,0.3193362362350396,0.07265519531544856,0.0012779386928536789,0.02394292213236858,0.016417624566413932,0.5663700830578757
tour_idsd6yvwdu,0.25979691192324533,0.540247162762033,0.03141750691712926,0.0029242425560305056,0.009200661502614045,0.15641351433894782
tour_id68rserht,0.37209878920338874,0.2204795183045705,0.02891030718267292,0.013262306938476402,0.015164781873504465,0.3500842964973869
